81309439
81309433
81309428
81309429
81309430
81309432
81309436
81309437
80153113
74664120
74664121
74664118
75276731
75276730
80328965
75357141
80130793
80130794
80130795
80130798
80130799
80130802
80130803
80130804
80130805
80130809
80130813
80130816
80130817
80264895
80266036
80266037
80266038
80266039
80153115
75276729
75276859
80153014
80130821
80130892
80153035
80191002
80191004
80130669
80130670
81382913
81382910
81309423
80264903
80264902
80264901
80264900
80264894
80130820
80130819
80130818
80328967
80152970
81431457
81431459
81431460
81431461
81431462
80266040
80266041
80266042
74664606
81431471
81431470
81431469
81431468
81431467
81431466
81431465
81431464
81431463
81431458
81431456
81431455
81431453
81431452
81431451
81431450
81431449
81309438
81382947
81382946
81382945
81382944
81382943
81382942
81382941
81382940
81382939
81382938
81382937
81382924
81382922
81382920
81382912
81382911
81382793
81382792
81382791
81382790
81375581
81375580
81375579
81375578
81375577
81375576
81375575
81375574
81375514
81375506
81375502
81375501
81375492
81375490
81333192
81333191
81333190
81333189
81333188
81333187
81333186
81333185
81333184
81333183
81333182
81333181
81308564
81308565
81308566
81308567
81308568
81308569
81308570
81308571
81308572
81308573
81308574
81309397
81309398
81309406
81309409
81309411
81309412
81309413
81309414
81309415
81309416
81309422
81315645
81315644
81315643
81315642
81315641
81315640
81315634
81315603
81315598
81315589
81315579
81315578
81315577
81315576
81315550
81315536
81315535
81315533
81315532
81315531
81315495
81315494
81315493
81315492
81315491
81315490
81315489
81315488
81315487
81315486
81315482
81315481
81315480
81315479
81309450
81309449
81309448
81309447
81309446
81309445
81309444
81309440
81309435
81309426
81309425
81309421
81309420
81309419
81309418
81309417
81309410
81309408
81309407
81309405
81309404
81309403
81309402
81309401
81309400
81309399
81308581
81308576
81308575
81209584
81209585
81209586
81212058
81209588
81209587
77376048
80382560
80382559
80382558
80382557
80382556
80382554
80328968
80328966
80328963
80328962
80328961
80328960
80264905
80266053
80266052
80266051
80266050
80266049
80266048
80266047
81315478
81315483
81315484
81315485
81315635
81315636
81315637
81315638
81315639
81309443
81309442
81309441
81309434
81309431
81309427
81309424
81382914
81382916
81382917
81382918
81382919
81382921
81382923
81382925
81382926
81382927
81382928
81382929
81382930
81382931
81382932
81382933
81382934
81382935
81382936
80153109
80153107
80152966
80264943
80264945
80264946
81431472
80266046
80266045
80266044
80266043
80265983
80265982
80265981
80265980
80265979
80264949
80264948
80264947
80264944
80264942
80264941
80264906
80264904
80264899
80264898
80264897
80264896
80264893
80264864
80264863
80264856
80191005
80191003
80152967
80152968
80153111
80153112
80153114
80153110
80153108
80153106
80153050
80153036
80153018
80153017
80153016
80153015
80152973
80152969
80130797
80130894
80130893
80130891
80130890
80130889
80130887
80130886
80130841
80130840
80130839
80130838
80130837
80130822
80130815
80130814
80130812
80130811
80130810
80130808
80130807
80130806
80130801
80130800
80130796
80130671
80130668
77375989
77376042
77376043
75276734
77375988
75276738
75276737
75357101
75276863
80682785
80682784
80682783
80682782
80682765
80682764
80682763
80682744
80682738
80682720
80682719
80682711
80682710
80682707
80682706
80130888
77375978
77375995
80328959
80328964
80382553
80382555
75276860
77376047
77376046
77376045
77376044
74664065
74664517
74664591
75357143
75357142
75357140
75357111
75357110
75357109
75357103
75357102
75357074
75357072
75276651
75276728
75276732
75276733
75276735
75276861
75276864
75276862
75276787
75276772
75276771
75276770
75276739
75276736
75276625
75276622
74664618
74664605
74664584
74664119
74664053
69961155
69919087
69834201