73691579
78430794
77925440
77925441
78430795
78241927
78430798
78430797
79359568
79359569
79707525
78430793
77925443
80566575
71772627
80465328
80625001
80624998
80624996
80624997
80657517
80657518
80657523
80657524
80657550
80657551
80657552
80667781
80735772
80735773
80735774
80742352
78486200
84138980
78430816
84278444
80742372
84278448
79966653
79966654
84278447
84278449
84278452
76756240
76756241
76756361
67753031
77925434
84279328
84278457
84278456
84278454
84278453
84278451
84278446
79813732
84138979
84138978
84138977
84138975
84138974
73691458
78984629
70842006
79829698
80667853
76620894
67357379
77925385
78104407
80465320
80566237
80565405
78486203
80565404
76606159
76606160
76606157
76606156
77925383
77924261
78241942
78241924
78241923
78103237
78103234
78103233
78430812
78430815
78486202
77924258
80566574
80465327
80465325
80465324
80657519
80657521
80657553
80657554
80667782
80667783
80667784
80667785
80667786
80667787
80657522
80735775
80735776
80735778
80735781
80735782
80742349
80742353
80742354
80742371
80742373
80744908
80846109
77715682
77715681
78241925
78103238
76606158
79829699
77925380
78241921
84278443
84278445
84278455
73691456
73691453
84278450
77925381
73696112
77676553
77925346
77924266
77924267
78430807
80742348
84138976
80742347
80657545
80465329
79707526
76711208
77676552
77925289
80465313
77925444
80465315
80624994
73691457
76606155
67813710
80465330
80742345
80742346
80742365
80742366
77925432
76682758
77924259
80742351
78430806
77925433
78984632
80742344
76756363
78430808
77924263
73691459
77924260
78099520
78103235
77924264
73691450
77925382
77925386
78099521
77924265
80742370
78241922
73691451
78430796
77676551
77676549
78984630
78984631
77715683
78241879
78430814
78984628
77676554
77676507
76678445
77925384
77924238
75232901
76697098
77925387
78103236
77681594
76697097
77676555
73691454
78430811
80742350
80781040
77925437
77925436
77925435
77524010
77676506
67214007
77925343
77925442
77925340
77925339
80742342
80742343
80667778
73691455
78430802
78430803
78430804
78430805
65793933
77925431
80667780
80667779
80465321
80667743
80667744
80667776
80667777
80781034
80781036
80781037
80781038
80781039
80781041
80781042
80781043
80781044
80781045
80781046
80742363
80742364
80742367
80742368
80742369
80846106
80846107
80846108
80846117
80846118
80846119
80846121
80846122
80846125
80846127
80846144
80846145
80846146
80846173
80846172
80846171
80846170
80846169
80846143
80846142
80846141
80846140
80846139
80846138
80846137
80846136
80846135
80846134
80846133
80846132
80846131
80846130
80846129
80846128
80846126
80846124
80846123
80846120
80846116
80846115
80846114
80846113
80846112
80846111
80846110
80781064
80781067
80781066
80781065
80781035
80781033
80756508
80657516
80657542
80657543
80657544
80657546
80657547
80657548
80657549
80747929
80735768
80735769
80735777
80735779
80735780
80742377
80742376
80742375
80742374
80735771
80735770
80657529
80657520
80634651
80624990
80624991
80624992
80624993
80624999
80625000
80465322
80465323
80465326
76678444
78241943
79813735
78486204
78486201
78442413
78430800
77925439
77925438
78241941
76682757
76711169
80624995
80624888
80624885
80566573
80566572
80566571
80471906
80471905
80471904
80471902
80465314
76756362
79830139
79829694
79813737
79813736
79813734
79813733
79707524
73691452
77676550
70075702
78430813
80465319
80465318
80465317
80465316
78486205
78430801
77925344
80060112
77925345
77925349
77924262
78430809
79966656
79966655
79966632
78430810
76606282
77715684
70158203
79842519
79842518
79829697
79829696
79829695
78430799
77925389
76692200
77925341
77925342
76711207
79966631
77925388