81535299
81535347
81654077
80550297
82357820
80516518
80516519
80516520
80516521
80516522
80516523
80516524
80516525
80516526
80516528
80516529
80564217
80564218
80565350
80565351
82279318
77924179
77924197
77924199
81654152
81654074
77472548
77499786
81535303
77472615
77924180
77924200
75214707
81535345
81535346
77472495
77472494
77472491
77472492
77472493
77472496
77472552
77472553
81797028
81797029
81797030
81797031
81535300
81535291
82279285
82279286
82279288
82279289
81535290
81535289
81535286
75214709
81654139
81654140
81535298
82279317
81535287
81535285
77472549
81535304
81535305
81654145
81654147
81654138
81535343
81535344
81535348
81654075
81654073
82262511
82262510
77472545
77472551
76718339
77472546
77472550
81654134
81654080
81654148
75214799
81654141
81654146
81535293
81535292
82262512
81535284
81535301
77924198
75214710
77924171
81535295
80550296
64891142
76690294
75214708
82262503
81654143
81654144
81535294
82262505
82262506
82262508
82262509
81534705
81534759
81534760
81534762
81535288
81535302
81654137
81654136
82357819
82357822
82357823
77924178
77924168
77499785
82279281
82279282
82279283
81654142
81654149
81654150
76201956
77472547
77499784
77499788
77924181
76201955
82357821
82357824
82262504
81535342
81535297
75214712
75214713
75214823
81654135
75214824
75220667
76201954
76201953
76690295
76690296
76690297
81535296
81776175
81776060
81776059
81535341
81654078
81654076
81535364
81535356
81535355
81535354
81535353
81535352
81535351
81535350
81535349
81535340
81535339
81535338
81535337
81535306
81534846
81534845
81534825
81534824
81534807
81534783
81534763
81534761
81534758
81534757
81534756
81534755
81534753
81534702
81534701
81534700
81534699
82279319
82279320
82279290
82279287
82279284
82262566
82262565
82262564
82262563
82262513
82262507
80565352
80550298
80516532
80516531
80516530
80516527
75214711
77499787
73117085
61016248
60930005