79378906
79378905
77997728
77997729
78041505
78041507
78172992
78172993
78172994
78261306
78261307
78261308
78261309
78261310
78413143
78413144
78615101
78615120
78615121
78615202
78615203
78615206
78615207
78633220
78663762
78663763
80682587
78215378
78292773
78413149
78431499
71076979
79378903
69289298
78413076
77770065
77770066
77868626
78413075
78413077
78663764
78615204
78615137
78615138
78615201
78663766
78286264
77770069
78215377
78216494
78041508
79378842
78261312
80178845
80178844
80178843
80161864
80161863
80161862
80161861
79378904
79378614
79378723
79378721
79378720
79378716
79378662
79378661
79378654
79378653
79378652
79378651
79378617
79378616
79378615
78173005
78173004
77997727
78663756
78663757
78663758
78663759
78663760
78663761
78663799
79378946
79378717
79378719
78663767
78173001
78173002
69289297
77769996
77770013
77770029
80682598
80682597
80682596
80682595
80682594
80682593
80682592
80682591
80682590
80682589
80682588
79378907
78353720
78100819
78100818
78100820
78353718
78353719
78353723
78686635
78686628
78686627
78686605
78686600
78686599
78686598
78686597
78686596
78686562
78686561
78686560
78663800
78663804
78663803
78663802
78663801
78663774
78663773
78663765
78633224
78633223
78633222
78633221
78633193
78615218
78615217
78615216
78615215
78615214
78615213
78615212
78615211
78615210
78615209
78615208
78615205
78615124
78615123
78615122
78615103
78615091
78615090
78542851
78542850
78542849
78542848
78542847
78542846
78542845
78542844
78542808
78542807
78542806
78542805
78488733
78488732
78488731
78488730
78431498
78431497
78431496
78431495
78431494
78431493
78416946
78416945
78416944
78413155
78413150
78413148
78413147
78413146
78413145
78413081
78413080
78413079
78413078
78353727
78353726
78353725
78353724
78353722
78353721
78353717
78353716
78041506
78292798
78292797
78286266
78286265
78286263
78281123
78261314
78261313
78261311
78261305
78215380
78215379
78207737
78207736
78207735
78172997
78193859
78193858
78193857
78193856
77894099
77900806
77900807
77900808
77894098
77894097
77894096
78173009
78041504
77846495
77789199
77781608
79378714
79378722
79378715
79378718
79378948
79378947
79378945
79378944
79378943
79378887
79378886
79378858
79378844
79378843
71076980
71076978
71076977
78173008
78173007
78173006
78173003
78173000
78172999
78172998
78172996
78172995
78100821
78063591
78077419
78063593
78063592
78063590
78041510
78041509
77997733
77997732
77997731
77997730
77997669
77997662
77997630
77997627
77997619
77997618
77997617
77882065
77882064
77882063
77882024
77871956
77868638
77868637
77868636
77868630
77868629
77868628
77868627
77859781
77859780
77859779
77849158
77846587
77839254
77839239
77832783
77832782
77831216
77831203
71076976
77781624
77781623
77781622
77781621
77781612
77781610
77781609
77770115
77770083
77770082
77770081
77770071
77770070
77770068
77770067
77770064
77770042
77770014
77769990