82500846
82431516
82431515
82431514
82431513
82431512
82431511
82431510
82431509
82431502
82431501
82431500
82431499
82431498
82431496
82431495
82431494
82070166
82070167
82070168
82070169
82070170
82145853
82145852
82145832
82145831
82145830
82145829
82145828
82145827
82145826
82145825
82145824
82145823
82145822
82145821
82145820
82145819
82145818
82145817
82145816
82145815
82145814
82145813
82145812
82145811
82145810
82145809
82145808
82145807
82145806
82145805
82112654
82112653
82112652
82112651
82112650
82112649
82112648
82112647
82112646
82112645
82112644
82112643
82112642
82112641
82112640
82112639
82112638
82112637
82112636
82112635
82112634
82112633
82112632
82112631
82112630
82112629
82112628
82112627
82112626
82112625
82015063
82015064
82061315
82061316
82061317
82061318
82061319
82061320
82061321
82061322
82070173
82070172
82070171
82070165
82070164
82070163
82070162
82070161
82070160
82070159
82070158
82070157
82070156
82070155
82070154
82070153
82070152
82070151
82070089
82070088
82070087
82070081
82070079
82070078
82070071
82061390
82061389
82061388
82061387
82061386
82061385
82061384
82061383
82061336
82061335
82061334
82061333
82061332
82061331
82061330
82061329
82061328
82061327
82061326
82061325
82061324
82061323
82015067
82015066
82015065
82015062
81965181
81965261
81965262
81965263
81965264
81965265
81965266
81965267
81965268
81965269
82431503
82431504
82431505
82431506
82431507
82431508
79996026
82500850
82500851
82500853
82501221
82501220
82500912
82501173
82501172
82501171
82501170
82501169
82501168
82501167
82501166
82501165
82501164
82501163
82501162
82501161
82501160
82501159
82501097
82501094
82501093
82501092
82501091
82501090
82501089
82501088
82501087
82501086
82501085
82501084
82501083
82501082
82501081
82501079
82501078
82501077
82501075
82501074
82501073
82501071
82501002
82501001
82501000
82500999
82500998
82500997
82500996
82500995
82500994
82500993
82500992
82500991
82500990
82500989
82500988
82500987
82500986
82500939
82500938
82500937
82500936
82500923
82500922
82500921
82500920
82500919
82500918
82500917
82500916
82500915
82500914
82500913
82500860
82500857
82500856
82500855
82500854
82500852
82500849
82500848
82500847
82431497
82431519
82431518
82431517
81965270
81965271
81965272
81965273
81965274
81965275
81965277
81965339
81965305
81965304
81965303
81965302
81965301
81965280
81965279
81965278
81965276
81958774
81958773
79995974
79995975
79995977
79995980
79996021
79996022
79996027
79996028
79996030
79996031
79996029
79996025
79996024
79996023
79995976
78014362
78014361
71306628
78014365
78014364
78014363